[-437.0332701197487, -211.5406626477934]
[-431.99976402785273, -217.33484291466897]
[-445.0391237874661, -228.5313421420435]
[-462.99557541359127, -232.00780466345444]
[-671.1238886258495, -200.87179959106436]
[-641.9610348859334, -208.5464942565634]
[-736.5836739137783, -204.39560824958485]
[-445.3889232513259, -250.23761425898405]
[-424.0155782538865, -240.02099988555722]
[-428.97685593741846, -241.60145611503324]
[-434.07681834433686, -249.24231890150045]
[-437.5801354858955, -248.9991184193956]
[-432.14018266572714, -247.68991300919444]
[-436.0495148472252, -246.59313697129352]
[-430.21752360600004, -242.86384345799527]
[-453.0238438421193, -250.14955518940496]
[-440.10856255517643, -244.90941880599343]
[-417.685606008833, -248.57115822223105]
[-382.4065677640311, -225.1819093709468]
[-384.10359199757136, -226.07246256437782]
[-386.66432398943334, -226.91293028145486]
[-379.2629269394366, -217.42332687214545]
[-378.8669970346005, -213.62469231387945]
[-444.00376122777715, -216.40088316344392]
[-514.3656292588371, -123.12958535341392]
[-361.6559783589939, -209.23210212103146]
[-339.2107977111932, -198.17533810561093]
[-406.1556184806267, -247.82757425267053]
[-406.45019463880413, -255.63068223745867]
[-407.5323781041698, -257.97966538818736]
[-405.33855796212754, -258.33246476768346]
[-413.3397025771737, -264.07154076001177]
[-393.3468469657362, -269.5225955642529]
[-411.34000559236284, -279.42774091123516]
[-403.04245480785755, -279.6969448090894]
[-396.97854159579373, -292.16571884646726]
[-408.15891694468155, -303.02509188423517]
[-416.051268214239, -306.34436249020104]
[-420.63081230729864, -318.09910731220026]
[-395.37476710915536, -309.464065976646]
[-389.8571125102641, -308.21364204905046]
[-394.11809774185855, -317.05631862899946]
[-394.91021440279354, -323.7484501992198]
[-403.2663212635983, -340.9753800567044]
[-404.25217415871305, -349.7787698439511]
[-415.8005851219722, -366.9876236310269]
[-393.1550881703996, -360.2333252172473]
[-399.34442187481324, -352.68200821924665]
[-404.7471613223184, -326.71173183309674]
[-368.8181790650115, -315.3590185678111]
[-366.6824004379966, -324.25956720012005]
[-376.88545983476473, -340.74689671488744]
[-318.69782177633994, -374.3849529192501]
[-361.3474742049432, -391.5293107368209]
[-388.9962502064734, -380.67602720304853]
[-415.12823110362217, -420.9833290960893]
[-415.6321947808069, -430.5286299255806]
[-425.77097135038304, -461.1455521834387]
[-424.1506405673304, -464.2572352286412]
[-423.2788186440157, -465.677535369923]
[-409.8339370858174, -487.9043046919082]
[-415.33824800011274, -509.2497458187496]
[-486.2505462668846, -526.149280112812]
[-446.5554057539804, -514.8451217339597]
[-517.6058938653347, -635.4786699917622]
[0.0, 0.0]
[-429.2972156276426, -522.6719128058132]
[-448.3484057970358, -569.6618891048074]
[-478.8032192729008, -634.4651571759806]
[-427.7885837702846, -557.6229083515949]
[-477.25412207495594, -607.4630631323043]
[-483.51666736225513, -662.282674792666]
[-405.7247617624716, -585.0583749943573]
[-449.65834607803333, -616.1960685635761]
[-444.1352635142827, -605.7559729330396]
[-416.7536936160289, -623.9767970321328]
[-355.66978213852246, -519.5386082692917]
[-406.4631538241745, -611.5620979859152]
[-394.96187039343494, -663.5889252882175]
[-385.32469467551977, -639.8159059277816]
[-382.7190973858526, -634.3376033544905]
[-374.91975356625386, -638.0556261005028]
[-367.1463954881204, -629.1995553806507]
[-360.4720522943611, -621.0124465172496]
[-359.4616254339978, -617.8174420129595]
[-355.3096137964488, -618.2638662372683]
[-358.3097474589712, -622.730386019111]
[-358.59966896463044, -613.8321885184405]
[-353.6079899563809, -605.6018964492424]
[-357.2890909214796, -607.1044130781781]
[-360.18869022336355, -599.1060091332763]
[-357.62082827725885, -596.3693591384457]
[-362.819948174232, -598.806016530732]
[-362.0091551566955, -603.326135484534]
[-358.27115858402163, -594.8115239616786]
[-354.55139392699607, -585.8934471940703]
[-354.067251460205, -600.4300801618346]
[-356.1024882259604, -602.0754705092976]
[-353.23717892738273, -614.9753782179826]
[-350.4098491661137, -595.317248462631]
[-304.14534493549615, -558.4423716676952]
[-316.5581664349054, -567.561166422135]
[-349.9356563812189, -610.2821040364443]
[-349.8526345489355, -603.2449957607439]
[-341.1142620678711, -610.7750333099616]
[-338.7180900604857, -609.6443803935714]
[-352.9738090624639, -615.5805515598936]
[-345.18829378848204, -608.0107137528311]
[-329.1896012216529, -611.5901138390847]
[-329.03305459432863, -618.1100704875537]
[-317.3403311059554, -616.1278994137899]
[-303.16609023183906, -605.8770504228826]
[-294.74464210645215, -611.2697545896145]
[-271.3244866846304, -582.3133680773992]
[-285.1311366669145, -604.4104114402015]
[-276.33192594800494, -606.5271133127383]
[-273.0349521364938, -600.1437174047935]
[-261.2018710404241, -602.1667828389228]
[-262.85779033144905, -611.7903555244735]
[-221.3051455649063, -563.5516031335095]
[-248.60590801215523, -621.4361394570163]
[-205.98885945257325, -564.7841463526314]
[-228.75086938938023, -616.507652335349]
[-221.7098036324179, -618.9505797723232]
[-194.106079549662, -615.8465788474034]
[-233.74361010501582, -639.5890087824397]
[-173.91937175693369, -564.4380012966419]
[-189.9577992592315, -632.7101993384383]
[-151.33541743492412, -580.8595262698107]
[-167.90650253141706, -632.9152472850902]
[-156.7433772041036, -629.6844438605054]
[-143.08177543764515, -615.1705648394445]
[-133.0101450829203, -599.1202965921699]
[-118.74914481850283, -584.0427114791943]
[-120.84459043468804, -613.8503851850024]
[-113.19067104941189, -618.907964165217]
[-106.44514486154858, -612.7147907501927]
[-107.15889462966697, -635.9861492566596]
[-96.42826198987264, -612.88254522448]
[-82.33249308132444, -616.6267087715445]
[-66.59804916817194, -618.3338998726304]
[-62.27931067584853, -612.7300683185559]
[-48.860592858977185, -616.4824284823655]
[-40.54171734843921, -625.6583000888246]
[-24.48621609894033, -610.1437507844645]
[-9.954376872516548, -594.8134369462605]
[-6.7826464204286685, -615.2918355927479]
[4.031919281874252, -598.9775928342439]
[2.5632873505816502, -599.2417544691494]
[11.339480144947467, -598.3681392117895]
[22.2785069627656, -595.3845509513247]
[31.188084141743374, -597.4294511851009]
[40.513061027356414, -606.6388314217427]
[27.046848199298676, -670.4206224039092]
[82.35112959310686, -573.0659244910664]
[80.00685097776818, -604.0196716904849]
[74.0079020100925, -608.4019570927633]
[0.0, 0.0]
[90.02873500010587, -548.3224320171917]
[122.55016016024089, -563.8020347636709]
[130.54604973249616, -560.0937414797154]
[137.17900910861056, -584.373004928536]
[140.30452582712775, -569.2667195455205]
[147.9056965442316, -615.379437732234]
[151.16127978443964, -605.2708826256819]
[158.8423975205777, -609.2579217548454]
[169.04931508791188, -610.7969941423863]
[189.60072178897462, -632.7699785537683]
[186.6421868671351, -571.0951358904676]
[202.01683622409, -608.0934142616787]
[209.71026444991816, -594.3373304518011]
[221.91426498641454, -598.7782361726103]
[244.45083610951875, -596.3260337089382]
[240.94884908882574, -568.824597982729]
[245.2822019189006, -572.3068126023569]
[253.0246352484517, -577.2476831628047]
[258.2691293037677, -580.2075508327783]
[273.0987133044408, -584.3094030642669]
[273.2083529393533, -585.0499125757703]
[281.66229718702124, -599.6519676442151]
[284.09754365096757, -599.7507393303582]
[295.41895120524475, -591.0609138655175]
[308.974116978504, -599.9547925833346]
[311.51838526186214, -591.3766195286644]
[326.97560512081435, -597.1405182055611]
[321.92770687265846, -573.0221023620468]
[344.0766107391184, -584.8918003025376]
[342.05854889106917, -571.3895085891427]
[353.1202439030287, -560.5735239065514]
[356.93691235504787, -559.39115796769]
[366.1592283920275, -564.8623877696627]
[373.3797559565612, -574.2080585089855]
[388.01590185919383, -579.3543057018271]
[381.96883679025325, -568.3248649291456]
[390.8453383295417, -576.3509431195181]
[392.166725168134, -548.0382866908645]
[392.33383519800805, -539.3769339483366]
[396.5852558237374, -531.8595752447062]
[424.55264153582186, -521.4498401042969]
[432.6599597151328, -541.4833205770641]
[441.9929966585432, -550.084680957702]
[434.06203170521195, -531.5465643694743]
[494.0821677841118, -611.3841207156881]
[475.20319759058555, -577.6779996436264]
[507.03432175702306, -600.6574884732736]
[448.06688123312233, -569.2931834893972]
[429.4470679212216, -630.5766846627721]
[472.1215325468842, -525.2638739408105]
[516.9754951398787, -607.8372342109272]
[368.53106193962856, -443.23500927386743]
[375.3806923785207, -446.23186232150107]
[531.9377333348912, -629.1148666878911]
[554.4291502825092, -647.7642154690972]
[566.1348459402544, -664.9509845754067]
[591.846549421518, -712.3978965779829]
[543.1261741503171, -640.722782137905]
[538.2853990060894, -636.3343123625408]
[532.850845267282, -634.6890159146825]
[382.42828157048245, -536.4696807774286]
[504.5109265201905, -618.064992975486]
[469.84329464757406, -585.9514159768389]
[374.78292373529894, -507.4026839361559]
[350.9452262566572, -503.3887900138027]
[419.15664622472923, -553.374626415163]
[432.13394234933793, -572.9625841359278]
[374.06423229579866, -520.1399387060168]
[360.733251414739, -505.6081741394513]
[417.98134580002085, -556.9583294591175]
[334.12204447443895, -509.41271378562755]
[376.2700382042888, -485.704720789838]
[401.65670652984574, -532.3106004937086]
[398.40049327168595, -532.3041906488504]
[390.702738072806, -518.3855557328925]
[402.1847236376419, -537.6239370473347]
[406.97694586881687, -534.4278726100272]
[404.11474322704265, -519.0114148639636]
[405.6882925729545, -519.5211096142874]
[412.4201227165859, -525.8612870692907]
[438.81320761638034, -544.3930423031939]
[450.606706788612, -547.0638814286136]
[439.6591305894983, -536.9564936903528]
[434.17065507044987, -479.1080060315473]
[381.1544157908404, -441.7631676488147]
[369.4812884809762, -419.83864058110134]
[388.21976276565795, -432.21241020372827]
[393.14180029983913, -427.06687059221406]
[422.6558086892305, -429.41686257041505]
[459.0726839923271, -478.39726357717564]
[398.71726624661824, -409.7968220599197]
[371.16933963976885, -400.46116648245896]
[388.5764964048218, -394.45735350549853]
[394.0859779625305, -391.4643123714651]
[387.6564046846223, -378.060773123642]
[396.9614739473943, -383.7127571374772]
[487.7635983080351, -431.5871646170838]
[470.6276869259088, -411.3748964167738]
[452.6803612325477, -392.2403816927819]
[450.24648820211183, -370.35485023681514]
[402.2506970708839, -354.27668929805]
[400.8145856262616, -332.2143322801429]
[443.28651699494077, -328.8200662183885]
[437.19882009657965, -313.51132889445944]
[448.90708725088797, -306.2979062668058]
[396.92340644323684, -281.5191549254696]
[411.5924609560409, -265.18600670059715]
[358.14018089898207, -230.9304608424143]
[357.47336575253195, -223.3833885264583]
[342.77480011108594, -212.33107911629722]
[397.9194931414505, -233.05352382822574]
[404.1195425661846, -237.39947871101052]
[412.8036251918264, -208.62352190801283]
[430.0186934189193, -185.08108890699862]
[415.29480068115697, -175.06309536806828]
[431.2422159221603, -183.26843187180813]
[418.5932735174441, -177.328347479284]
[352.78699529784603, -195.3137833990509]
[414.7545610129678, -163.1039945648383]
[389.1645626693764, -167.8293490305211]
[380.1286678544297, -160.25400599629538]
[384.47297783254555, -154.84243420613515]
[373.3209109236879, -149.12287025992407]
[328.42083535074624, -147.30238256708185]
[361.42133978602914, -135.22512980453777]
[362.460594485498, -131.81767724676786]
[342.7504943728895, -131.8903345916845]
[331.7597857021762, -138.8684107380909]
[325.54463730900693, -142.17821588650165]
[329.2181213354412, -147.28043788161474]
[331.5324104939913, -154.5413491645923]
[324.3748123072572, -154.77553766323308]
[323.5820233761503, -161.1386760293848]
[346.61480671647763, -166.06153394176408]
[333.5886358142967, -168.47478307796547]
[363.1977957218826, -185.06342609732135]
[286.2590672097782, -199.74007361882644]
[348.8846163647295, -188.22350437871444]
[350.8770336788562, -194.88807536661977]
[343.8827074745813, -195.79454699018714]
[0.0, 0.0]
[299.8027997272115, -192.01170086139214]
[300.47477034900385, -194.98594665927212]
[313.0910370233144, -181.49215007423703]
[306.35328178764223, -179.36231835564993]
[301.8128198570859, -177.86005142959226]
[292.88607342931107, -171.44646144846732]
[288.07636222106237, -171.11204769386748]
[276.0494549883456, -171.90664201446216]
[266.9526118031714, -243.86029171167968]
[259.0625713118043, -233.6049954378938]
[246.02109517083258, -235.91654253884383]
[257.12177155386695, -182.3048878451781]
[248.07017578018008, -178.23669741778792]
[230.43793697261654, -177.31341799031983]
[216.74382515517834, -187.05320563540485]
[204.78147396182385, -187.4427621436278]
[216.47280946026248, -171.75050911096795]
[201.03470486958616, -176.59399832146116]
[189.31709323882114, -182.81504136838223]
[180.94155212729265, -181.91811774899443]
[159.3643771694388, -190.84650815196903]
[180.68510933241416, -180.15157953739563]
[151.94851668337034, -182.2686431478074]
[142.06337706755517, -182.0829058235114]
[143.89501818151885, -180.57004708040958]
[135.21634187022232, -180.28309123363064]
[129.17926426182046, -189.00547313360653]
[118.31514345373422, -182.85131574190956]
[114.1864476006516, -183.24923392206946]
[92.32394704342954, -188.3369657660253]
[47.48092772817428, -179.28017165406007]
[40.350797402645554, -178.4728328574401]
[45.14566219912489, -181.16692766939627]
[43.82786183799721, -171.35551541215708]
[35.81359842035999, -170.02645378536513]
[28.251805008705333, -175.83716959787787]
[20.261592843815738, -169.11689680357563]
[6.073844223916026, -168.25156316045673]
[-8.160028241267117, -171.18356577284328]
[-16.563239789417704, -170.98967078795673]
[-27.2961274553452, -170.6636907273847]
[-29.781181755869156, -166.74424350635655]
[-26.56436856135823, -160.17594239196302]
[-50.40581822695112, -166.8724026735376]
[-62.24933785124249, -172.05003949050092]
[-70.0954546972468, -176.53934718036388]
[-69.45026494409308, -183.6307452328443]
[-106.09621282529724, -181.79424839295788]
[-112.01500652625396, -187.31343588943773]
[-97.3481826528548, -169.60914388423737]
[-145.0981617927404, -190.30848796815405]
[-163.8816571781723, -174.1607081974057]
[-171.966595578512, -170.99123590848976]
[-149.15920062443251, -163.53002071527735]
[-196.97776156142868, -193.15617887320067]
[-242.27158037627837, -175.83614255298852]
[-281.48484746172903, -172.92592085813763]
[-271.8592421606363, -233.61977337450963]
[-180.95427820519046, -207.70018301716775]
[-187.82176491975338, -207.7770221900229]
[-202.10426660870206, -224.39697378695132]
[-246.98475115744708, -197.70272763792244]
[-222.04309346931115, -223.00459879970776]
[-332.0217030472013, -146.0725740454817]
[-287.37774055968725, -178.91649351402998]
[-274.533412042384, -180.77215314861297]
[-333.28081482709354, -197.4034770985927]
[-386.7172591008795, -234.25348468600285]
[-312.966088947283, -165.55057463046472]
[-330.53668792078054, -174.21959589743037]
[-400.71567028873403, -195.28392702306326]
[-389.1148450260852, -188.33732704447513]
[-358.0369712670163, -168.19103127596102]
[-432.32011560012717, -186.02312983610463]
[-419.6990888149573, -174.9327927697721]
[-417.4257770245288, -170.5703767565948]
[-423.46335962843534, -179.05347312828007]
[-380.5492888083617, -176.66448979709276]
[-487.06760254313525, -173.53657768832716]
[-463.6035186666913, -179.1348766262262]
[-477.11634328754275, -184.73920444584704]
[-461.86186375445357, -192.92773000576065]
[-400.9456066578444, -206.6418888143368]
[-426.6269827053453, -261.760559764099]
[-447.0510359416786, -207.84469996304782]
[-439.4040541107082, -211.92840313947622]
